Ar
&species_properties
elec_impct_ion = 15.755
mol_wt = 39.94800
/
3 
 0.00000000E+00  0.00000000E+00  0.25000000E+01  0.00000000E+00
 0.00000000E+00  0.00000000E+00  0.00000000E+00  0.00000000E+00
-0.74537500E+03  0.43796749E+01   200.000  1000.000
 0.20105385E+02 -0.59926611E-01  0.25000694E+01 -0.39921412E-07
 0.12052721E-10 -0.18190156E-14  0.10785766E-18  0.00000000E+00
-0.74499396E+03  0.43791801E+01  1000.000  6000.000
-0.99512651E+09  0.64588873E+06 -0.16758947E+03  0.23199334E-01
-0.17210809E-05  0.65319385E-10 -0.97401477E-15  0.00000000E+00
-0.50783003E+07  0.14652985E+04  6000.000 20000.000
Ar+
&species_properties
mol_wt = 39.94745
/
3 
-0.57312092E+05  0.79307915E+03 -0.17171212E+01  0.10441840E-01
-0.11802075E-04  0.65281348E-08 -0.14475581E-11  0.00000000E+00
 0.17905722E+06  0.29491509E+02   298.150  1000.000
-0.38359654E+06  0.81620197E+03  0.23013426E+01 -0.49529838E-05
 0.12051085E-07 -0.21850503E-11  0.12654939E-15  0.00000000E+00
 0.17718115E+06  0.79475075E+01  1000.000  6000.000
 0.10173728E+08 -0.66851041E+04  0.44609538E+01 -0.30341653E-03
 0.26234796E-07 -0.12051158E-11  0.23038069E-16  0.00000000E+00
 0.23543535E+06 -0.10445193E+02  6000.000 20000.000
B
&species_properties
siga = 7.5e-20, 5.5e-24, -1.e-28 ! set same as C
mol_wt = 10.811
/
3
1.182394638E+02 -7.009916910E-02 2.500236159E+00 -4.584213700E-07
5.123185830E-10 -3.057217674E-13 7.533815325E-17 0.
6.848359080E+04 4.209501920E+00 200.  1000.
-1.072659610E+05 3.225307160E+02 2.126407232E+00 2.106579339E-04
-5.937129160E-08 7.377427990E-12 -2.282443381E-16 0.
6.643413100E+04 6.877069670E+00 1000.000 6000.000 
-4.150001310E+08 2.329576796E+05 -4.720913710E+01 4.877655960E-03
-2.069413791E-07 3.233519090E-12 -1.824076527E-18 0.
-1.802904743E+06 4.439617640E+02 6000. 20000.
B+
&species_properties
mol_wt = 10.8104514
/
3
7.849791190E-02 -8.947480950E-04 2.500004085E+00 -9.577271230E-09
1.218136411E-11 -7.986752520E-15 2.113769829E-18 0.
1.655080260E+05 2.419053631E+00 298.150 1000.000
-8.911548030E+03 4.587790090E+00 2.531500086E+00 -4.903949100E-05
2.853326582E-08 -7.382175910E-12 7.120721560E-16 0.
1.654526303E+05 2.238669780E+00 1000.000 6000.000
-7.977322890E+08 4.734044940E+05 -1.055286044E+02 1.170310076E-02
-6.075531110E-07 1.484174716E-11 -1.328323987E-16 0.
-3.609116960E+06 9.497399750E+02 6000.000 20000.000
BN
&species_properties
mol_wt = 24.811000
/
2
-4.569707580E+04 6.704286070E+02 3.615089080E-02 7.339487510E-03
-4.969033490E-06 1.229031380E-09 6.340281520E-14 0.
6.485465080E+04 2.539869896E+01 200.000 1000.000
-2.276932705E+05 -1.025649298E+02 4.414586810E+00 2.561670989E-04
-1.612994942E-08 -6.526052930E-13 5.749466120E-17 0.
6.784465130E+04 -6.778568656E-01 1000.000 6000.000
BC
&species_properties
mol_wt = 22.8217000
/
2
-3.915758000E+04 7.284538060E+02 -1.552743361E+00 1.552898673E-02
-1.976857863E-05 1.272066405E-08 -3.229982780E-12 0.
 9.644913680E+04 3.248204466E+01 200.000 1000.000
-2.346280674E+06 6.450751300E+03 -2.619532384E+00 3.339160500E-03
-4.508022140E-07 1.351919576E-11 8.265104270E-16  0.
 5.786685070E+04 5.037884876E+01 1000.000 6000.000
B2
&species_properties
mol_wt = 21.6220000
/
2
-1.516418096E+05 2.630168946E+03 -1.381358321E+01 5.216225190E-02
-6.930494740E-05 4.469410390E-08 -1.128496456E-11 0.
 8.995251050E+04 9.813118490E+01 200.000 1000.000
 1.094594495E+06 -2.602735739E+03 6.909456210E+00 -6.405949890E-04
 1.951732355E-07 -2.555902119E-11 1.053557323E-15 0.
 1.187807611E+05 -1.949045025E+01 1000.000 6000.000
BC2
&species_properties
mol_wt = 34.8324000
/
2
-2.987422175E+04 3.643126580E+02 2.963469415E+00 6.561750150E-03
-3.539767240E-06 1.927356029E-10 3.118724866E-13 0.
 9.304835730E+04 1.083424193E+01 200.000 1000.00
1.525485889E+06 -5.987862380E+03 1.408384855E+01 -3.747499800E-03
 1.081927223E-06 -1.378744645E-10 6.473822000E-15 0.
 1.311204013E+05 -6.337215498E+01 1000.000 6000.000
BH
&species_properties
mol_wt = 11.8189400
/
2
2.063082550E+04 -3.682502520E+02 6.071337870E+00 -8.728321070E-03
 1.458566459E-05 -1.036840401E-08 2.779462579E-12 0.
 5.460459920E+04 -1.300392582E+01 200.000 1000.000
-1.098531663E+06 -1.745890126E+02 8.442426810E+00 -5.440196670E-03
 2.718307052E-06 -4.839812210E-10 2.868523222E-14 0.
 5.016735670E+04 -2.971030686E+01 1000.000 6000.000
BH2
&species_properties
mol_wt = 12.8268800
/
2
2.812557296E+04 -3.000083489E+02 4.824221000E+00 -2.186429819E-04
 1.485457398E-06 3.893739680E-10 -6.331629390E-13 0.
 3.991988420E+04 -5.042682850E+00 200.000 1000.000
1.360117365E+06 -4.917704490E+03 9.758971030E+00 -7.415870640E-04
 1.269760019E-07 -1.187742442E-11 4.682552510E-16 0.
 6.890292660E+04 -4.190490120E+01 1000.000 6000.000
BH3
&species_properties
mol_wt = 13.8348200
/
2
-6.619635070E+04 1.262658391E+03 -4.654355900E+00 2.461795131E-02
-2.501537437E-05 1.562330756E-08 -4.323949480E-12 0.
 5.667587980E+03 4.666504620E+01 200.000 1000.000
1.855778950E+06 -8.002492370E+03 1.505692199E+01 -1.790456689E-03
 3.612511100E-07 -3.866035910E-11 1.698508879E-15 0.
 5.967537070E+04 -7.994046160E+01 1000.000 6000.000
BH6N
&species_properties
mol_wt = 30.8653400
/
2
-1.811063598E+05 3.010341543E+03 -1.524271135E+01 6.215637750E-02
-5.959881850E-05 3.267429360E-08 -7.751243090E-12 0.
-2.934278877E+04 1.087399608E+02 200.00 1000.000
4.354925960E+06 -1.824235232E+04 3.162999830E+01 -3.208243610E-03
 5.885075450E-07 -5.808535530E-11 2.382578600E-15 0.
 9.438118030E+04 -1.897865799E+02 1000.000 6000.000
BH4
&species_properties
mol_wt = 14.8427600
/
2
2.734274578E+04 -8.473619380E+01 1.551871695E+00 1.439765491E-02
-6.111152360E-06 -1.324417559E-10 5.133008150E-13 0.
 3.022048074E+04 1.250358328E+01 200.000 1000.000
1.354714146E+06 -7.870762750E+03 1.826170610E+01 -1.948275329E-03
 4.072706890E-07 -4.482710900E-11 2.014115885E-15 0.
 7.470249490E+04 -9.686086890E+01 1000.000 6000.000
BH5
&species_properties
mol_wt = 15.8507000
/
2
-5.603075360E+04 1.457641959E+03 -8.245037630E+00 4.817478230E-02
-5.535104700E-05 3.578299590E-08 -9.717757500E-12 0.
 3.424238930E+03 6.695881520E+01 200.000 1000.000
2.472199159E+06 -1.110339842E+04 2.243395706E+01 -2.121632568E-03
 4.038994240E-07 -4.121910490E-11 1.741706383E-15 0.
 7.561744630E+04 -1.243306259E+02 1000.000 6000.000
B2C
&species_properties
mol_wt = 33.6327000
/
2
-4.166519870E+04 5.797779520E+02 1.411017091E+00 1.174705713E-02
-1.066474425E-05 4.717232620E-09 -7.970013260E-13 0.
 9.196874200E+04 1.769254387E+01 200.000  1000.000
1.159241019E+06 -4.567798810E+03 1.228672097E+01 -2.500830701E-03
 6.409979850E-07 -6.932935770E-11 2.672933741E-15 0.
 1.222442137E+05 -5.199066186E+01 1000.000 6000.000
B2H
&species_properties
mol_wt = 22.6299400
/
2
8.775579740E+04 -1.343931564E+03 9.832099150E+00 -5.607137750E-03
 5.730651050E-06 -2.266436197E-09 1.972352080E-13 0.
 1.009908698E+05 -3.282461480E+01 200.000 1000.000
6.175545750E+05 -2.627897466E+03 9.084905070E+00 -5.389418330E-04
 1.050714700E-07 -1.092459556E-11 4.684854660E-16 0.
 1.099537555E+05 -3.164029910E+01 1000.000  6000.000
B2H2
&species_properties
mol_wt = 23.6378800
/
2
1.421617322E+05 -2.138011262E+03 1.317732399E+01 -8.942658070E-03
 1.127804935E-05 -5.787886200E-09 1.000813871E-12 0.
 6.372319250E+04 -5.346982740E+01 200.000  1000.000
1.240614592E+06 -5.368965020E+03 1.379292454E+01 -1.136749748E-03
 2.245617156E-07 -2.361530467E-11 1.022604572E-15 0.
 8.506511490E+04 -6.435461300E+01 1000.000 6000.000
B2H3
&species_properties
mol_wt = 24.6458200
/
2
9.425147160E+04 -1.075866284E+03 6.383999390E+00 1.167858327E-02
-1.429661252E-05 1.128776882E-08 -3.681325060E-12 0.
 4.635335080E+04 -1.400002845E+01 200.000 1000.000
1.771506902E+06 -7.872260930E+03 1.789447015E+01 -1.709304785E-03
 3.409575430E-07 -3.614543680E-11 1.575671409E-15 0.
 8.737711890E+04 -9.054629460E+01 1000.000  6000.000
C
&species_properties
elec_impct_ion = 11.264 ! Moore ? 4.453 in mars.F
siga = 7.5e-20, 5.5e-24, -1.e-28 
mol_wt = 12.01070
/
3 
 0.64950315E+03 -0.96490109E+00  0.25046755E+01 -0.12814480E-04
 0.19801337E-07 -0.16061440E-10  0.53144834E-14  0.00000000E+00
 0.85457631E+05  0.47479243E+01   200.000  1000.000
-0.12891365E+06  0.17195286E+03  0.26460444E+01 -0.33530690E-03
 0.17420927E-06 -0.29028178E-10  0.16421824E-14  0.00000000E+00
 0.84105978E+05  0.41300474E+01  1000.000  6000.000
 0.44325280E+09 -0.28860184E+06  0.77371083E+02 -0.97152819E-02
 0.66495953E-06 -0.22300788E-10  0.28993887E-15  0.00000000E+00
 0.23552734E+07 -0.64051232E+03  6000.000 20000.000
C+
&species_properties
mol_wt = 12.0101514
/
3 
 0.22585359E+04 -0.15745757E+01  0.25036377E+01 -0.52028784E-05
 0.45169084E-08 -0.21814311E-11  0.44950470E-15  0.00000000E+00
 0.21689519E+06  0.43456995E+01   298.150  1000.000
 0.12551126E+05 -0.34118747E+02  0.25433832E+01 -0.28051208E-04
 0.97516420E-08 -0.17368554E-11  0.12461919E-15  0.00000000E+00
 0.21710018E+06  0.40639135E+01  1000.000  6000.000
 0.56181353E+06 -0.60470589E+04  0.58845415E+01 -0.72118945E-03
 0.68234841E-07 -0.25998786E-11  0.36338684E-16  0.00000000E+00
 0.25813705E+06 -0.22800198E+02  6000.000 20000.000
CF4
&species_properties
mol_wt = 88.0043128
/
2
 9.817458500D+03  1.163343483D+02 -1.288338636D+00  3.959566910D-02
-4.996244210D-05  3.125339346D-08 -7.841700320D-12  0.0D+0
-1.138502297D+05  2.938656548D+01  200.0  1000.0
-4.164456780D+05 -1.414797167D+03  1.405124837D+01 -4.199093860D-04
 9.278921610D-08 -1.064575830D-11  4.937099680D-16  0.0D+0
-1.094691149D+05 -5.487105000D+01  1000.0  6000.0
CH
&species_properties
disoc_ener = 5.96 
alantel = 276.0 
mol_wt = 13.01864
/
3 
 0.22205901E+05 -0.34054115E+03  0.55314523E+01 -0.57949643E-02
 0.79695549E-05 -0.44659116E-08  0.95963383E-12  0.00000000E+00
 0.72407833E+05 -0.91076731E+01   200.000  1000.000
 0.20607634E+07 -0.53962067E+04  0.78562939E+01 -0.79659074E-03
 0.17643083E-06 -0.19763863E-10  0.50304295E-15  0.00000000E+00
 0.10622366E+06 -0.31547574E+02  1000.000  6000.000
-0.80683687E+09  0.45754505E+06 -0.98439751E+02  0.12352441E-01
-0.84856086E-06  0.30404106E-10 -0.44003152E-15  0.00000000E+00
-0.35958516E+07  0.89534774E+03  6000.000 20000.000
CH2
&species_properties
disoc_ener = 2.15 !ev - heat_for = -hif(CH2) placeholder
alantel = 299.0 
mol_wt = 14.02658
cprt0 = 3.5
/
2 
 0.32189217E+05 -0.28776018E+03  0.42035838E+01  0.34554060E-02
-0.67461933E-05  0.76545716E-08 -0.28703284E-11  0.00000000E+00
 0.47148080E+05 -0.21436286E+01   200.000  1000.000
 0.25504180E+07 -0.79716254E+04  0.12289245E+02 -0.16991229E-02
 0.29917286E-06 -0.27670075E-10  0.10513417E-14  0.00000000E+00
 0.96234002E+05 -0.60947399E+02  1000.000  6000.000
CH3
&species_properties
alantel = 316.2 
mol_wt = 15.03452
cprt0 = 3.5
/
2 
-0.28761888E+05  0.50932687E+03  0.20021439E+00  0.13636058E-01
-0.14339893E-04  0.10135567E-07 -0.30273319E-11  0.00000000E+00
 0.14111819E+05  0.20227728E+02   200.000  1000.000
 0.27608027E+07 -0.93365312E+04  0.14877296E+02 -0.14394298E-02
 0.24444780E-06 -0.22245558E-10  0.83950658E-15  0.00000000E+00
 0.74847196E+05 -0.79196824E+02  1000.000  6000.000
CH4
&species_properties
alantel = 314.3 
mol_wt = 16.04246
cprt0 = 3.5
/
2 
-0.17668510E+06  0.27861810E+04 -0.12025778E+02  0.39176193E-01
-0.36190544E-04  0.20268530E-07 -0.49767055E-11  0.00000000E+00
-0.23313144E+05  0.89043228E+02   200.000  1000.000
 0.37300428E+07 -0.13835015E+05  0.20491071E+02 -0.19619748E-02
 0.47273130E-06 -0.37288147E-10  0.16237372E-14  0.00000000E+00
 0.75320669E+05 -0.12191249E+03  1000.000  6000.000
CN
&species_properties
elec_impct_ion = 13.617 ! JANAF 325.4 kcal/mole
alantel = 253.2 
mol_wt = 26.0107
/
3 
 0.39491486E+04 -0.13915906E+03  0.49308353E+01 -0.63046705E-02
 0.12568365E-04 -0.98783005E-08  0.28431372E-11  0.00000000E+00
 0.52284554E+05 -0.27631133E+01   200.000  1000.000
-0.22280063E+07  0.50407334E+04 -0.21218977E+00  0.13549011E-02
 0.13259298E-06 -0.69370064E-10  0.54949523E-14  0.00000000E+00
 0.17844961E+05  0.32825642E+02  1000.000  6000.000
-0.17947981E+09  0.10543461E+06 -0.17296242E+02  0.21948955E-02
-0.85089380E-07  0.93186930E-12  0.63581399E-17  0.00000000E+00
-0.79625941E+06  0.19131397E+03  6000.000 20000.000
CN+
&species_properties
alantel =  253.2 
mol_wt = 26.0101514
/
3 
-0.83029096E+06  0.87756875E+04 -0.29774436E+02  0.49768971E-01
-0.13022260E-04 -0.20583254E-07  0.11268439E-10  0.00000000E+00
 0.17038605E+06  0.20399188E+03   298.150  1000.000
-0.71534631E+07  0.18572504E+05 -0.10845342E+02  0.61066814E-02
-0.11912086E-05  0.11848488E-09 -0.47998387E-14  0.00000000E+00
 0.92426450E+05  0.11353406E+03  1000.000  6000.000
-0.23549197E+09  0.14337767E+06 -0.29753603E+02  0.42805456E-02
-0.27072604E-06  0.81783407E-11 -0.96295062E-16  0.00000000E+00
-0.92290471E+06  0.29646250E+03  6000.000 20000.000
CO
&species_properties
elec_impct_ion = 4.453 ! ?
disoc_ener = 11.11
alantel = 194.
siga = 1.2e-20, 1.7e-24, -2.e-29 
mol_wt = 28.0107
/
3 
 0.14890453E+05 -0.29222859E+03  0.57245272E+01 -0.81762350E-02
 0.14569035E-04 -0.10877463E-07  0.30279418E-11  0.00000000E+00
-0.13031319E+05 -0.78592413E+01   200.000  1000.000
 0.46191972E+06 -0.19447049E+04  0.59167142E+01 -0.56642828E-03
 0.13988145E-06 -0.17876804E-10  0.96209356E-15  0.00000000E+00
-0.24662611E+04 -0.13874131E+02  1000.000  6000.000
 0.88686630E+09 -0.75003778E+06  0.24954750E+03 -0.39563511E-01
 0.32977721E-05 -0.13184099E-09  0.19989379E-14  0.00000000E+00
 0.57014211E+07 -0.20607048E+04  6000.000 20000.000
CO+
&species_properties
alantel = 194.
mol_wt = 28.0101514
/
3 
-2.178786658E+04 1.288857032E+02 3.769057550E+00 -3.431730130E-03
8.193945750E-06 -6.463814690E-09 1.803727574E-12 0.00000000E+00
1.482345898E+05 3.990547070E+00 298.150 1000.000
2.316847506E+05 -1.057646148E+03 4.554257780E+00 4.495520320E-04
-2.489507047E-07 5.267566420E-11 -3.289510270E-15 0.00000000E+00
1.555050724E+05 -3.873462640E+00 1000.000 6000.000
-3.035604054E+08 2.393118392E+05 -7.034999240E+01 1.139551440E-02
-8.315173100E-07 2.863705515E-11 -3.803269410E-16 0.00000000E+00
-1.688617704E+06 6.291980420E+02 6000.000 20000.000
CO2
&species_properties
elec_impct_ion = 4.453 ! ?
disoc_ener = 2.96 
alantel = 270.4
siga = 5.e-20,  0.,  0. 
mol_wt = 44.0107
/
3 
 0.49436505E+05 -0.62641160E+03  0.53017252E+01  0.25038138E-02
-0.21273087E-06 -0.76899888E-09  0.28496778E-12  0.00000000E+00
-0.45281985E+05 -0.70482794E+01   200.000  1000.000
 0.11769624E+06 -0.17887915E+04  0.82915232E+01 -0.92231568E-04
 0.48636769E-08 -0.18910533E-11  0.63300366E-15  0.00000000E+00
-0.39083506E+05 -0.26526693E+02  1000.000  6000.000
-0.15444233E+10  0.10168471E+07 -0.25614052E+03  0.33694011E-01
-0.21811843E-05  0.69914208E-10 -0.88423515E-15  0.00000000E+00
-0.80432145E+07  0.22541775E+04  6000.000 20000.000
C2
&species_properties
alantel = 210.3 
mol_wt = 24.02140
/
3 
 0.55596345E+06 -0.99801264E+04  0.66816204E+02 -0.17434327E+00
 0.24485231E-03 -0.17034676E-06  0.46845277E-10  0.00000000E+00
 0.14458696E+06 -0.34482297E+03   200.000  1000.000
-0.96892679E+06  0.35610930E+04 -0.50641389E+00  0.29451549E-02
-0.71394412E-06  0.86706572E-10 -0.40769068E-14  0.00000000E+00
 0.76817968E+05  0.33399852E+02  1000.000  6000.000
 0.63151459E+07  0.13654207E+05 -0.39969037E+01  0.19375614E-02
-0.15844466E-06  0.55208617E-11 -0.72537353E-16  0.00000000E+00
 0.93870250E+04  0.66143299E+02  6000.000 20000.000
C2H
&species_properties
alantel = 224.8 
mol_wt = 25.02934
/
3 
 0.76536911E+04 -0.41874013E+03  0.72542719E+01 -0.50370193E-02
 0.82351962E-05 -0.46167682E-08  0.95092632E-12  0.00000000E+00
 0.68506897E+05 -0.15860356E+02   200.000  1000.000
 0.39958641E+07 -0.11969093E+05  0.17138330E+02 -0.33369596E-02
 0.60032813E-06 -0.54972401E-10  0.20227319E-14  0.00000000E+00
 0.14314232E+06 -0.92859259E+02  1000.000  6000.000
 0.39958641E+07 -0.11969093E+05  0.17138330E+02 -0.33369596E-02
 0.60032813E-06 -0.54972401E-10  0.20227319E-14  0.00000000E+00
 0.14314232E+06 -0.92859259E+02  1000.000  6000.000
C3
&species_properties
alantel = 148.2 
mol_wt = 36.03210
/
3 
-0.43545628E+05  0.66601041E+03  0.14510151E+01  0.74344253E-02
-0.38101095E-05 -0.23367560E-10  0.44069963E-12  0.00000000E+00
 0.96351740E+05  0.20251418E+02   200.000  1000.000
 0.45080440E+07 -0.14610160E+05  0.22819470E+02 -0.85442369E-02
 0.21460433E-05 -0.21038421E-09  0.63515111E-14  0.00000000E+00
 0.19119649E+06 -0.12718550E+03  1000.000  6000.000
 0.56219563E+09 -0.48001482E+06  0.14877360E+03 -0.18638076E-01
 0.12536934E-05 -0.42315205E-10  0.56965107E-15  0.00000000E+00
 0.37776902E+07 -0.12263494E+04  6000.000 20000.000
H
&species_properties
elec_impct_ion = 13.595 ! Moore
siga = 5.e-20,  0.,  0. ! PLACEHOLDER N
mol_wt = 1.00794
/
3 
 0.00000000E+00  0.00000000E+00  0.25000000E+01  0.00000000E+00
 0.00000000E+00  0.00000000E+00  0.00000000E+00  0.00000000E+00
 0.25473708E+05 -0.44668285E+00   200.000  1000.000
 0.60787743E+02 -0.18193544E+00  0.25002118E+01 -0.12265129E-06
 0.37328763E-10 -0.56877446E-14  0.34102102E-18  0.00000000E+00
 0.25474864E+05 -0.44819178E+00  1000.000  6000.000
 0.21737577E+09 -0.13120354E+06  0.33991742E+02 -0.38139997E-02
 0.24328548E-06 -0.76942755E-11  0.96441056E-16  0.00000000E+00
 0.10676381E+07 -0.27423011E+03  6000.000 20000.000
H+
&species_properties
mol_wt = 1.0073914
/
1 
 0.00000000E+00  0.00000000E+00  0.25000000E+01  0.00000000E+00
 0.00000000E+00  0.00000000E+00  0.00000000E+00  0.00000000E+00
 0.18402149E+06 -0.11406466E+01   0.000  100000.000
H2
&species_properties
alantel = 192.5 
elec_impct_ion = 15.51 !PLACEHOLDER N2
disoc_ener = 9.759 !PLACEHOLDER N2
siga = 7.5e-20, 5.5e-24, -1.e-28 ! PLACEHOLDER N2
mol_wt = 2.01588
/
3 
 0.40783228E+05 -0.80091854E+03  0.82147017E+01 -0.12697144E-01
 0.17536049E-04 -0.12028602E-07  0.33680932E-11  0.00000000E+00
 0.26824844E+04 -0.30437887E+02   200.000  1000.000
 0.56081234E+06 -0.83714913E+03  0.29753630E+01  0.12522499E-02
-0.37407184E-06  0.59366282E-10 -0.36069957E-14  0.00000000E+00
 0.53398158E+04 -0.22027640E+01  1000.000  6000.000
 0.49667161E+09 -0.31474481E+06  0.79838875E+02 -0.84145042E-02
 0.47530604E-06 -0.13718097E-10  0.16053746E-15  0.00000000E+00
 0.24883547E+07 -0.66955242E+03  6000.000 20000.000
H2O
&species_properties
elec_impct_ion = 4.453 ! !PLACEHOLDER from CO2
disoc_ener = 2.96 !PLACEHOLDER from CO2
alantel = 270. !PLACEHOLDER from CO2
siga = 5.e-20,  0.,  0 !PLACEHOLDER from CO2
siga = 7.5e-20, 5.5e-24, -1.e-28 ! PLACEHOLDER N2
mol_wt = 18.01588
/
2
-0.39479608E+05  0.57557310E+03  0.93178265E+00  0.72227129E-02
-0.73425574E-05  0.49550435E-08 -0.13369333E-11  0.00000000E+00
-0.33039743E+05  0.17242058E+02   200.000  1000.000
 0.10349721E+07 -0.24126986E+04  0.46461108E+01  0.22919983E-02
-0.68368305E-06  0.94264689E-10 -0.48223805E-14  0.00000000E+00
-0.13842865E+05 -0.79781485E+01  1000.000  6000.000
He
&species_properties
elec_impct_ion = 24.580 ! Moore
siga = 5.e-20,  0.,  0. ! PLACEHOLDER N
mol_wt = 4.00260
/
3 
 0.00000000E+00  0.00000000E+00  0.25000000E+01  0.00000000E+00
 0.00000000E+00  0.00000000E+00  0.00000000E+00  0.00000000E+00
-0.74537500E+03  0.92872397E+00   200.000  1000.000
 0.00000000E+00  0.00000000E+00  0.25000000E+01  0.00000000E+00
 0.00000000E+00  0.00000000E+00  0.00000000E+00  0.00000000E+00
-0.74537500E+03  0.92872397E+00  1000.000  6000.000
 0.33968454E+07 -0.21940377E+04  0.30802319E+01 -0.80689576E-04
 0.62527849E-08 -0.25749901E-12  0.44299602E-17  0.00000000E+00
 0.16505190E+05 -0.40488144E+01  6000.000 20000.000
He+
&species_properties
mol_wt = 4.0020514
/
3 
 0.00000000E+00  0.00000000E+00  0.25000000E+01  0.00000000E+00
 0.00000000E+00  0.00000000E+00  0.00000000E+00  0.00000000E+00
 0.28532337E+06  0.16216656E+01   298.150  1000.000
 0.00000000E+00  0.00000000E+00  0.25000000E+01  0.00000000E+00
 0.00000000E+00  0.00000000E+00  0.00000000E+00  0.00000000E+00
 0.28532337E+06  0.16216656E+01  1000.000  6000.000
 0.00000000E+00  0.00000000E+00  0.25000000E+01  0.00000000E+00
 0.00000000E+00  0.00000000E+00  0.00000000E+00  0.00000000E+00
 0.28532337E+06  0.16216656E+01  6000.000 20000.000
N
&species_properties
elec_impct_ion = 4.196 ! 14.53 ! 4.196 from excited state
siga = 5.e-20,  0., 0.
mol_wt = 14.
/
4 
 0.00000000e+00  0.00000000e+00  2.50000000e+00  0.00000000e+00
 0.00000000e+00  0.00000000e+00  0.00000000e+00  0.00000000e+00
 5.61061063e+04  4.19425139e+00  2.00000000e+02  1.00000000e+03
-2.27073277e+05  8.14052944e+02  1.32705137e+00  8.62721731e-04
-3.35747089e-07  6.29010687e-11 -3.90674587e-15  0.00000000e+00
 5.10943141e+04  1.22823713e+01  1.00000000e+03  6.00000000e+03
-2.04738994e+09  1.45842847e+06 -4.18833824e+02  6.25994407e-02
-4.96542822e-06  1.98247052e-10 -3.05470194e-15  0.00000000e+00
-1.12727730e+07  3.58487417e+03  6.00000000e+03  2.00000000e+04
 5.74291902e+11 -1.29039294e+08  1.15381467e+04 -5.25078568e-01
 1.29219090e-05 -1.63974231e-10  8.41878585e-16  0.00000000e+00
 1.15261836e+09 -1.11649232e+05  2.00000000e+04  5.00000000e+04
N+
&species_properties
lower_ionization_potential=.false.
elec_impct_ion = 4.196
mol_wt = 13.9994514
/
3 
 3.51764922e+05 -1.04468568e+03  3.68498994e+00 -6.41320819e-04
 1.66764737e-07 -1.82509101e-11  7.37893962e-16  0.00000000e+00
 2.32355850e+05 -3.48540450e+00  1.00000000e+03  6.00000000e+03
 2.08931831e+07 -1.36213868e+04  5.54565345e+00 -2.68374643e-04
 1.46878484e-08 -4.22829994e-13  5.70569781e-18  0.00000000e+00
 3.33626095e+05 -2.20294391e+01  6.00000000e+03  2.00000000e+04
 1.48351337e+09 -2.69100020e+05  1.91340133e+01 -2.13380850e-04
-1.51589694e-08  5.96512853e-13 -5.46224064e-18  0.00000000e+00
 2.70008612e+06 -1.64949269e+02  2.00000000e+04  5.00000000e+04
N++
&species_properties
mol_wt = 13.9989028
/
3 
 3.82507820e+04 -6.68757146e+01  2.57493204e+00 -4.18859382e-05
 1.21550591e-08 -1.73997947e-12  9.68132065e-17  0.00000000e+00
 5.69481725e+05  4.04886225e+00  1.00000000e+03  6.00000000e+03
 3.74216138e+07 -2.50761317e+04  9.12727534e+00 -8.63339443e-04
 5.59827086e-08 -1.59328826e-12  1.70907012e-17  0.00000000e+00
 7.65673643e+05 -5.24473951e+01  6.00000000e+03  2.00000000e+04
-5.10102605e+08  1.61832953e+05 -1.74352152e+01  1.15294267e-03
-3.03282111e-08  3.82632124e-13 -1.80174053e-18  0.00000000e+00
-8.21545210e+05  1.91697807e+02  2.00000000e+04  5.00000000e+04
NCO
&species_properties
alantel = 194. 
mol_wt = 42.0107
/
2
1.136503036E+04 -2.444613367E+02 4.671376100E+00 2.309387548E-03
2.798649599E-06 -4.546357380E-09 1.692880931E-12 0.00000000E+00
1.577649188E+04 -2.171476903E-01 200.000 1000.0007
1.089445289E+05 -1.735459316E+03 8.655610330E+00 -4.053229260E-04
7.599716410E-08 -7.253804150E-12 3.244872410E-16 0.00000000E+00
2.365792776E+04 -2.619532970E+01 1000.000 6000.0007
NH
&species_properties
alantel = 355.9 
mol_wt = 15.00794
/
3 
 0.13596513E+05 -0.19002966E+03  0.45184968E+01 -0.24327769E-02
 0.23775875E-05 -0.25927971E-09 -0.26596808E-12  0.00000000E+00
 0.42809722E+05 -0.38865576E+01   200.000  1000.000
 0.19581420E+07 -0.57828613E+04  0.93357420E+01 -0.22929103E-02
 0.60760925E-06 -0.66479427E-10  0.23842348E-14  0.00000000E+00
 0.78989123E+05 -0.41169700E+02  1000.000  6000.000
 0.95246368E+08 -0.85858269E+05  0.29804452E+02 -0.29795637E-02
 0.16563342E-06 -0.47447918E-11  0.55701483E-16  0.00000000E+00
 0.69614343E+06 -0.22290274E+03  6000.000 20000.000
NO
&species_properties
elec_impct_ion = 9.5
disoc_ener = 6.496
alantel = 168.
siga = 1.e-19,  0.,  0.
mol_wt = 30.0
/
3 
-0.11439165E+05  0.15364676E+03  0.34314687E+01 -0.26685924E-02
 0.84813991E-05 -0.76851111E-08  0.23867977E-11  0.00000000E+00
 0.90982144E+04  0.67287275E+01   200.000  1000.000
 0.22390187E+06 -0.12896516E+04  0.54339360E+01 -0.36560349E-03
 0.98809664E-07 -0.14160769E-10  0.93801846E-15  0.00000000E+00
 0.17503177E+05 -0.85016671E+01  1000.000  6000.000
-0.95753035E+09  0.59124345E+06 -0.13845668E+03  0.16943394E-01
-0.10073511E-05  0.29125841E-10 -0.32951093E-15  0.00000000E+00
-0.46775012E+07  0.12420812E+04  6000.000 20000.000
NO+
&species_properties
disoc_ener = 10.85
alantel = 168.
mol_wt = 29.9994514
/
3 
 0.13981066E+04 -0.15904469E+03  0.51228954E+01 -0.63943886E-02
 0.11239183E-04 -0.79885813E-08  0.21073837E-11  0.00000000E+00
 0.11874951E+06 -0.43984318E+01   298.150  1000.000
 0.60698769E+06 -0.22783954E+04  0.60803247E+01 -0.60668476E-03
 0.14320026E-06 -0.17479905E-10  0.89350141E-15  0.00000000E+00
 0.13227096E+06 -0.15198798E+02  1000.000  6000.000
 0.26764003E+10 -0.18329487E+07  0.50992494E+03 -0.71138193E-01
 0.53176599E-05 -0.19632082E-09  0.28052682E-14  0.00000000E+00
 0.14433089E+08 -0.43240445E+04  6000.000 20000.000
N2
&species_properties
elec_impct_ion = 15.51
disoc_ener = 9.759
alantel = 220.
siga = 7.5e-20, 5.5e-24, -1.e-28
mol_wt = 28.
/
3 
 0.22103715E+05 -0.38184618E+03  0.60827384E+01 -0.85309144E-02
 0.13846462E-04 -0.96257936E-08  0.25197058E-11  0.00000000E+00
 0.71084609E+03 -0.10760033E+02   200.000  1000.000
 0.58771241E+06 -0.22392491E+04  0.60669492E+01 -0.61396855E-03
 0.14918067E-06 -0.19231055E-10  0.10619544E-14  0.00000000E+00
 0.12832104E+05 -0.15866396E+02  1000.000  6000.000
 0.83101392E+09 -0.64207335E+06  0.20202646E+03 -0.30650920E-01
 0.24869033E-05 -0.97059541E-10  0.14375389E-14  0.00000000E+00
 0.49387070E+07 -0.16720997E+04  6000.000 20000.000
N2+
&species_properties
disoc_ener = 8.712
alantel = 220.
mol_wt = 27.9994514
/
3 
-0.34740475E+05  0.26962227E+03  0.31649164E+01 -0.21322398E-02
 0.67304764E-05 -0.56373050E-08  0.16217560E-11  0.00000000E+00
 0.17900044E+06  0.68329784E+01   298.150  1000.000
-0.28455990E+07  0.70588930E+04 -0.28848864E+01  0.30686771E-02
-0.43616523E-06  0.21025145E-10  0.54119965E-15  0.00000000E+00
 0.13403885E+06  0.50908974E+02  1000.000  6000.000
-0.37128298E+09  0.31392872E+06 -0.96035180E+02  0.15711933E-01
-0.11750655E-05  0.41444412E-10 -0.56218931E-15  0.00000000E+00
-0.22173619E+07  0.84362710E+03  6000.000 20000.000
O
&species_properties
elec_impct_ion = 4.453 ! 13.614 ! 4.453 from excited state
siga = 1.2e-20, 1.7e-24, -2.e-29
mol_wt = 16.
/
4 
 0.00000000e+00  0.00000000e+00  2.50000000e+00  0.00000000e+00
 0.00000000e+00  0.00000000e+00  0.00000000e+00  0.00000000e+00
 2.92727578e+04  5.20440739e+00  2.00000000e+02  1.00000000e+03
-4.59493000e+05  1.36004299e+03  9.30779889e-01  9.08157296e-04
-2.81746654e-07  4.49451675e-11 -2.68564490e-15  0.00000000e+00
 2.06167786e+04  1.63928984e+01  1.00000000e+03  6.00000000e+03
-1.36180488e+09  9.17683684e+05 -2.46884942e+02  3.48520165e-02
-2.61713430e-06  9.91544159e-11 -1.44192000e-15  0.00000000e+00
-7.15328977e+06  2.14015002e+03  6.00000000e+03  2.00000000e+04
 4.38121309e+11 -8.98310623e+07  7.33626546e+03 -3.05369185e-01
 6.90318054e-06 -8.09257822e-11  3.86322459e-16  0.00000000e+00
 8.10576891e+08 -7.16401144e+04  2.00000000e+04  5.00000000e+04
O+
&species_properties
mol_wt = 15.9994514
elec_impct_ion = 4.453
/
3 
-3.14817544e+05  9.52751354e+02  1.37960003e+00  6.50225275e-04
-1.93781966e-07  2.73210815e-11 -1.29823418e-15  0.00000000e+00
 1.81897151e+05  1.23661521e+01  1.00000000e+03  6.00000000e+03
-1.89172344e+08  1.32258091e+05 -3.33573784e+01  4.61791665e-03
-2.81231154e-07  8.25139893e-12 -9.46296238e-17  0.00000000e+00
-8.44265776e+05  3.12572886e+02  6.00000000e+03  2.00000000e+04
-1.25053902e+09  1.95862039e+05 -7.04252592e+00  2.94936789e-04
-7.50877176e-09  1.46522532e-13 -1.07948513e-18  0.00000000e+00
-1.65453653e+06  1.03404000e+02  2.00000000e+04  5.00000000e+04
O++
&species_properties
mol_wt = 15.9989028
/
3 
 1.31780333e+05 -2.72993485e+02  2.76201556e+00 -1.07454702e-04
 1.49946329e-08  6.33937352e-13 -1.13706342e-16  0.00000000e+00
 5.97631826e+05  3.25929884e+00  1.00000000e+03  6.00000000e+03
 1.95518466e+07 -9.72150159e+03  3.93445793e+00 -4.23410917e-05
-3.07587570e-10  6.46062249e-14 -1.02385696e-18  0.00000000e+00
 6.75970261e+05 -8.35619031e+00  6.00000000e+03  2.00000000e+04
-1.42862795e+07 -1.13307374e+04  5.25828413e+00 -1.88522496e-04
 6.94609923e-09 -1.12579914e-13  7.31601753e-19  0.00000000e+00
 6.79594790e+05 -1.97145671e+01  2.00000000e+04  5.00000000e+04
O2
&species_properties
elec_impct_ion = 12.5
disoc_ener = 5.115
alantel = 129.
siga = 2.e-20, 6.e-24,  0.
mol_wt = 32.
/
3 
-0.34255634E+05  0.48470010E+03  0.11190110E+01  0.42938892E-02
-0.68363005E-06 -0.20233727E-08  0.10390400E-11  0.00000000E+00
-0.33914549E+04  0.18496995E+02   200.000  1000.000
-0.10379390E+07  0.23448303E+04  0.18197320E+01  0.12678476E-02
-0.21880680E-06  0.20537196E-10 -0.81934670E-15  0.00000000E+00
-0.16890109E+05  0.17387165E+02  1000.000  6000.000
 0.49752943E+09 -0.28661069E+06  0.66903522E+02 -0.61699590E-02
 0.30163960E-06 -0.74214166E-11  0.72781758E-16  0.00000000E+00
 0.22935540E+07 -0.55306216E+03  6000.000 20000.000
O2+
&species_properties
disoc_ener = 6.663
alantel = 129.
mol_wt = 31.9994514
/
3 
-0.86072054E+05  0.10518759E+04 -0.54323805E+00  0.65711665E-02
-0.32742638E-05  0.59406453E-10  0.32387848E-12  0.00000000E+00
 0.13455447E+06  0.29027097E+02   298.150  1000.000
 0.73846549E+05 -0.84595595E+03  0.49851642E+01 -0.16110109E-03
 0.64270840E-07 -0.15049399E-10  0.15784654E-14  0.00000000E+00
 0.14463210E+06 -0.58112306E+01  1000.000  6000.000
-0.15621255E+10  0.11614068E+07 -0.33025047E+03  0.47109375E-01
-0.33544614E-05  0.11679686E-09 -0.15897548E-14  0.00000000E+00
-0.88578663E+07  0.28520356E+04  6000.000 20000.000
e-
&species_properties
mol_wt = .0005486
/
1 
 0.00000000E+00  0.00000000E+00  0.25000000E+01  0.00000000E+00
 0.00000000E+00  0.00000000E+00  0.00000000E+00  0.00000000E+00
-0.74537500E+03 -0.11720812E+02     0.000  100000.000
SiO
&species_properties
disoc_ener = 8.23
alantel = 118.0 
mol_wt = 44.09
/
2 
-4.722771050E+04 8.063137640E+02 -1.636976133E+00 1.454275546E-02
-1.723202046E-05 1.042397340E-08 -2.559365273E-12 0.0000000000E+00
-1.666585903E+04 3.355795700E+01 200.000 1000.000
-1.765134162E+05 -3.199177090E+01 4.477441930E+00 4.591764710E-06 
 3.558143150E-08 -1.327012559E-11 1.613253297E-15 0.000000000E+00
-1.350842360E+04 -8.386957330E-01 1000.000 6000.000
SiO2
&species_properties
alantel = 100.6 
mol_wt = 60.09
/
2 
-3.362948780E+04 4.734078920E+02  2.309770671E-01 1.850230806E-02
-2.242786671E-05 1.364981554E-08 -3.351935030E-12 0.0000000000E+00
-4.226487490E+04 2.295803206E+01 200.000 1000.000
-1.464031193E+05 -6.261441060E+02 7.964563710E+00 -1.854119096E-04 
 4.095214670E-08 -4.697206760E-12 2.178054280E-16 0.0000000000E+00
-3.791834770E+04 -2.045285414E+01 1000.000 6000.000
SiC
&species_properties
disoc_ener = 4.61
alantel = 110.7
mol_wt = 40.1007
/
2 
-6.223330890E+03 3.141790457E+02  3.893130830E-01 1.187507540E-02
-1.639277197E-05 1.131808223E-08 -3.045324231E-12 0.0000000000E+00
 8.606227730E+04 2.310166717E+01 200.000 1000.000
-6.268806030E+04 7.209836920E+02  2.162879732E+00 2.201299585E-03
-6.569466590E-07 9.177110260E-11 -4.969166740E-15 0.0000000000E+00
 8.321225850E+04 1.601675317E+01 1000.000 6000.000
SiN
&species_properties
disoc_ener = 5.63
alantel = 104.3
mol_wt = 42.09
/
2
-1.464672152E+04 1.374993497E+02 3.678508580E+00 -6.158499200E-03 
 2.309417067E-05 -2.294461481E-08 7.395665680E-12 0.0000000000E+00
4.673212990E+04 6.494564115E+00 200.000 1000.000
-2.932685132E+06 5.853688590E+03 1.321451677E+00  1.258329284E-03
-3.773886360E-07 6.887761040E-11 -4.189842590E-15 0.0000000000E+00
6.527148810E+03 2.553145732E+01 1000.000 6000.000
C2H2
&species_properties
alantel = 343.9
mol_wt = 26.03728
/
2 
1.598112089E+05 -2.216644118E+03 1.265707813E+01 -7.979651080E-03 
8.054992750E-06 -2.433307673E-09 -7.529233180E-14 0.000000000E+0
3.712619060E+04 -5.244338900E+01 200.000 1000.000
1.713847410E+06 -5.929106660E+03 1.236127943E+01 1.314186993E-04
-1.362764431E-07 2.712655786E-11 -1.302066204E-15 0.0000000000E+0
6.266578970E+04 -5.818960590E+01 1000.000 6000.000
HCN
&species_properties
alantel = 185.8
mol_wt = 27.01864
/
2 
4.870620640E+04 -9.891456250E+02 9.722153890E+00 -1.113593916E-02 
1.668862707E-05 -1.113940941E-08 2.893600868E-12 0.000000000E+00
2.664679758E+04 -3.104826344E+01 200.000 1000.00
1.198791660E+06 -3.918941860E+03 9.118020090E+00 -3.417761100E-04 
3.314809680E-08 -5.701574740E-13 -7.789455390E-17 0.000000000E+00
4.658810300E+04 -3.468575882E+01 1000.000 6000.000
C5
&species_properties
alantel = 246.3
mol_wt = 60.0535
/
3 
-1.200801119E+04 -5.553702910E+02 1.123828271E+01 -4.347884520E-03 
 1.738987490E-05 -1.707945418E-08 5.574541910E-12 0.000000000E+00
 1.262404627E+05 -3.262308990E+01 200.000 1000.000
 2.172055356E+05 -2.958510027E+03 1.561080967E+01 -8.200361920E-04 
 1.776898025E-07 -2.009853583E-11 9.222677770E-16 0.000000000E+00
 1.395208064E+05 -6.433077180E+01 1000.000 6000.000
 3.266863960E+06 -2.666377675E+03 1.408383780E+01 -6.620512140E-05 
 4.099789450E-09 -1.315689998E-13 1.711940703E-18 0.000000000E+00
 1.405413771E+05 -5.349354010E+01 6000.000 20000.000
Si2
&species_properties
alantel = 40.7
mol_wt = 56.18
/
2
 1.237596221E+04 -1.024904376E+02  4.354848520E+00 1.281063335E-03
-2.531991623E-06 2.265694244E-09 -7.001290140E-13 0.0000000000E+00
6.906942850E+04 3.251125200E+00 200.000 1000.000
1.370060657E+06 -4.207060040E+03 9.337432890E+00 -2.749217168E-03 
9.586345960E-07 -1.372449748E-10 6.765028100E-15 0.0000000000E+00
9.510884540E+04 -3.168385190E+01 1000.000 6000.000
Si
&species_properties
elec_impct_ion = 8.152
mol_wt = 28.09
/
3 
 9.836140810E+01 1.546544523E+02 1.876436670E+00 1.320637995E-03
-1.529720059E-06 8.950562770E-10 -1.952873490E-13 0.00000000E+00
5.263510310E+04 9.698288880E+00 200.000 1000.000
-6.169298850E+05 2.240683927E+03 -4.448619320E-01 1.710056321E-03
-4.107714160E-07 4.558884780E-11 -1.889515353E-15 0.00000000E+00
3.953558760E+04 2.679668061E+01 1000.000 6000.000
-9.286548940E+08 5.443989890E+05 -1.206739736E+02 1.359662698E-02
-7.606498660E-07 2.149746065E-11 -2.474116774E-16 0.00000000E+00
-4.293792120E+06 1.086382839E+03 6000.000 20000.000
Si+
&species_properties
mol_wt = 28.0894514
/
3 
-4.329791880E+04 6.795894490E+02  2.257046144E-01 4.118600490E-03
-4.234881600E-06 2.327995626E-09 -5.318388059E-13 0.000000000E+00
1.452039813E+05 1.934650510E+01 298.150 1000.000
5.919390230E+04 -4.856730950E+01 2.556312024E+00 -3.503397160E-05 
1.190298787E-08 -2.082923821E-12 1.471452049E-16 0.000000000E+00
1.491431392E+05 5.244267140E+00 1000.000 6000.000
-4.364077210E+07 2.434350601E+04 -2.763336522E+00 5.924483200E-04
-4.454048310E-08 2.509351585E-12 -5.090212919E-17 0.000000000E+00
-4.683214410E+04 5.196564190E+01 6000.000 20000.000
C4
&species_properties
alantel = 246.3
mol_wt = 48.0428
/
3
3.903780500E+04 -8.948280780E+02 1.050952925E+01 -6.552894460E-03 
 1.243940464E-05 -8.645341370E-09 2.263638846E-12 0.000000000E+00
 1.266425869E+05 -3.077594475E+01 200.000 1000.000
 9.200685130E+05 -1.530311800E+03 6.050069200E+00 5.252743670E-03
 -1.779154772E-06  2.589873632E-10 -1.385553481E-14 0.000000000E+00
 1.334389611E+05 -7.261148820E+00 1000.000 6000.000
 -2.864752103E+07  1.765535487E+04 6.166598280E+00 8.098789030E-04
 -6.653483810E-08  2.504726897E-12 -3.585724180E-17 0.000000000E+00
 -2.082319291E+04  4.331258920E+00 6000.000 20000.000
OH
&species_properties
alantel = 246.3
mol_wt = 17.00794
/
3
-1.998858990E+03 9.300136160E+01 3.050854229E+00  1.529529288E-03
-3.157890998E-06 3.315446180E-09 -1.138762683E-12 0.000000000E+00
2.991214235E+03  4.674110790E+00 200.000 1000.000
1.017393379E+06 -2.509957276E+03 5.116547860E+00 1.305299930E-04
-8.284322260E-08 2.006475941E-11 -1.556993656E-15 0.000000000E+00
2.019640206E+04 -1.101282337E+01 1000.000 6000.000
2.847234193E+08 -1.859532612E+05 5.008240900E+01 -5.142374980E-03
2.875536589E-07 -8.228817960E-12 9.567229020E-17  0.000000000E+00
1.468393908E+06 -4.023555580E+02 6000.000 20000.000
Fe
&species_properties
elec_impct_ion = 8.152
mol_wt = 55.85
/
3
6.790822660E+04  -1.197218407E+03  9.843393310E+00  -1.652324828E-02
1.917939959E-05  -1.149825371E-08  2.832773807E-12  0.000000000E+00
5.466995940E+04  -3.383946260E+01  200.000  1000.000
-1.954923682E+06  6.737161100E+03  -5.486410970E+00 4.378803450E-03
-1.116286672E-06  1.544348856E-10  -8.023578182E-15 0.000000000E+00
7.137370060E+03  6.504979860E+01  1000.000  6000.000
1.216352511E+09  -5.828563930E+05  9.789634510E+01  -5.370704430E-03
3.192037920E-08  6.267671430E-12   -1.480574914E-16  0.000000000E+00
4.847648290E+06  -8.697289770E+02  6000.000  20000.000
Fe+
&species_properties
mol_wt = 55.8494514
/
3
-5.691231620E+04  1.847134390E+02  4.196972120E+00 -5.978275970E-03
 1.054267912E-05 -8.059804320E-09  2.256925874E-12  0.000000000E+00
 1.401206571E+05 -3.602542580E-01  298.150 1000.000
-8.176450090E+05  1.925359408E+03  1.717387154E+00  3.385338980E-04
-9.813533120E-08  2.228179208E-11 -1.483964439E-15  0.000000000E+00
 1.286352466E+05  1.500256262E+01  1000.000 6000.000
 1.065217491E+08 -2.883923997E+04 -2.821752459E+00  2.712846797E-03
-3.107069182E-07  1.543726493E-11 -2.725133516E-16  0.000000000E+00
 4.142981690E+05  4.053497330E+01  6000.000 20000.000
FeO
&species_properties
disoc_ener = 4.61
alantel = 110.7
mol_wt = 71.85
/
2
1.569282213E+04  -6.460188880E+01  2.458925470E+00  7.016047360E-03
-1.021405947E-05 7.179297870E-09  -1.978966365E-12  0.000000000E+0
2.964572665E+04  1.326115545E+01 200.000 1000.0007
-1.195971480E+05 -3.624864780E+02 5.518880750E+00  -9.978856890E-04
4.376913830E-07  -6.790629460E-11 3.639292680E-15   0.000000000E+0
3.037985806E+04  -3.633655420E+00 1000.000 6000.0007
Mg
&species_properties
elec_impct_ion = 8.152
mol_wt = 24.31
/
3
0.000000000E+00  0.000000000E+00 2.500000000E+00 0.000000000E+00
0.000000000E+00  0.000000000E+00 0.000000000E+00 0.000000000E+00
1.694658761E+04  3.634330140E+00 200.000 1000.0007
-5.364831550E+05 1.973709576E+03 -3.633776900E-01  2.071795561E-03
-7.738051720E-07 1.359277788E-10 -7.766898397E-15  0.000000000E+00
4.829188110E+03  2.339104998E+01  1000.000 6000.0007
2.166012586E+09  -1.008355665E+06  1.619680021E+02 -8.790130350E-03
-1.925690961E-08 1.725045214E-11  -4.234946112E-16  0.000000000E+00
 8.349525900E+06 -1.469355261E+03  6000.000 20000.0007
Mg2
&species_properties
disoc_ener = 4.61
alantel = 110.7
mol_wt = 48.62
/
2
4.545195590E+03  4.115850040E+02  4.841196170E-01 4.891969650E-03
-6.395536840E-06 4.299764550E-09 -1.164624418E-12 0.000000000E+00
3.181641790E+04 2.640432143E+01 200.000 1000.0007
3.038224994E+04  5.945240460E+01  2.352706666E+00 1.378537924E-04
-5.895692040E-08 1.104045317E-11 -6.558868290E-16 0.000000000E+00
3.351036560E+04  1.588177377E+01  1000.000 6000.0007
Mg+
&species_properties
mol_wt = 24.3094514
/
3
0.000000000E+00 0.000000000E+00 2.500000000E+00  0.000000000E+00
0.000000000E+00 0.000000000E+00 0.000000000E+00  0.000000000E+00
1.064223354E+05 4.327443460E+00 298.150 1000.0007
-1.914758821E+04 4.877347920E+01 2.457662661E+00  1.218104674E-05
1.897261686E-09  -1.580433756E-12 2.135732238E-16  0.000000000E+00
1.061022394E+05 4.646442860E+00 1000.000 6000.0007
4.015949550E+08 -2.281591735E+05 5.421745710E+01 -5.983017190E-03
3.657189130E-07 -1.020737688E-11 1.024202854E-16  0.000000000E+00
1.932463961E+06 -4.480157830E+02 6000.000 20000.0007
MgO
&species_properties
disoc_ener = 4.61
alantel = 110.7
mol_wt = 40.31
/
3
3.513659740E+05 -5.287197160E+03 3.382060060E+01 -8.400489630E-02
1.210016160E-04 -7.630795020E-08 1.701022862E-11  0.000000000E+00
2.790679519E+04 -1.624886199E+02 200.000 1000.0007
-1.586738367E+07 3.420468100E+04 -1.774087677E+01 7.004963050E-03
-1.104138249E-06 8.957488530E-11 -3.052513649E-15 0.000000000E+00
-2.300504434E+05 1.738984472E+02 1000.000 6000.0007
2.290059050E+06 -2.073499632E+04 1.444150005E+01 -1.490609900E-03
1.052119343E-07 -3.523030610E-12 4.613111760E-17 0.000000000E+00
1.490218815E+05 -8.007281730E+01 6000.000 20000.0007
MgN
&species_properties
disoc_ener = 4.61
alantel = 110.7
mol_wt = 38.31
/
2
3.759538640E+04  -4.853164280E+02 5.163054240E+00  2.591539493E-04
-1.518993975E-06 1.522840476E-09  -4.992531450E-13 0.000000000E+00
3.607294610E+04  -3.813908776E+00 200.000 1000.0007
-6.018589100E+04 -4.010864780E+01 4.529498950E+00  4.760490910E-05
2.547271298E-09  -2.894058118E-13 1.330639131E-17  0.000000000E+00
3.341285700E+04  7.925250209E-01 1000.000 6000.0007
C3H
&species_properties
alantel = 224.8 
mol_wt = 37.03
/
3 
-3.759807260E+03 2.371933767E+02 -1.291060829E+00 4.379555470E-02
-2.775884627E-05 -3.962948530E-07 9.081247010E-10 0.000000000E+00
8.420418960E+04 2.784182496E+01 50.000   200.000
-7.996695870E+03 -1.576691670E+02 6.013789640E+00 3.627872400E-03
-2.349637630E-07 -1.285382488E-09 5.558659370E-13 0.000000000E+00
8.544417940E+04 -6.096137210E+00 200.000  1000.000
1.060461380E+06 -4.270459160E+03 1.229408959E+01 -6.623009490E-04
9.393153300E-08 -4.148656840E-12 -5.784616800E-17 0.000000000E+00
1.104688155E+05 -4.921984460E+01 1000.000  6000.000
C4H
&species_properties
alantel = 224.8 
mol_wt = 49.04
/
3 
2.683710626E+03 -1.220076900E+02 5.105693460E+00 -9.715024310E-03
1.612674635E-04 -3.740771810E-07 1.737836731E-10 0.000000000E+00
9.265380340E+04 -8.883064060E-03 50.000   200.000
1.646428324E+05 -2.708052973E+03 1.831020148E+01 -1.677919715E-02
2.341628855E-05 -1.455695475E-08 3.446236870E-12 0.000000000E+00
1.049003661E+05 -7.759702220E+01 200.000  1000.000
1.461934152E+06 -6.242989640E+03 1.700832496E+01 -1.121645872E-03
2.072685253E-07 -2.057508361E-11 8.478189300E-16 0.000000000E+00
1.288805587E+05 -7.952742270E+01 1000.000  6000.000
C5H
&species_properties
alantel = 224.8 
mol_wt = 61.05
/
3 
5.171604300E+03 -3.552842100E+02 1.211311289E+01 -9.380140870E-02
7.745476450E-04 -2.429430492E-06 2.839370257E-09 0.000000000E+00
1.026581047E+05 -2.692320075E+01  50.000   200.000
1.650060143E+05 -2.816218043E+03 1.965846341E+01 -1.302432288E-02
1.993701410E-05 -1.315363491E-08 3.277506390E-12 0.000000000E+00
1.145987676E+05 -8.357977390E+01 200.000  1000.000
1.434913383E+06 -6.704107470E+03 2.036397385E+01 -1.267919646E-03
2.403732302E-07 -2.444985743E-11 1.030592739E-15 0.000000000E+00 
1.400800975E+05 -9.717156200E+01 1000.000  6000.000
C4
&species_properties
alantel = 224.8 
mol_wt = 48.04
/
3 
5.015208300E+02  3.824013720E+00 1.883820799E+00  3.562520380E-02
-5.961720340E-05 -1.297473416E-07 4.442418350E-10 0.000000000E+00
1.258673505E+05 1.236131784E+01 50.0 200.0
8.356619600E+03 -4.347056410E+02 8.174341140E+00 -4.780379060E-04
6.343856340E-06 -5.185214840E-09 1.403960142E-12  0.000000000E+00
1.274966767E+05 -1.731591824E+01  200.000  1000.000
2.922714890E+06 -1.044693202E+04 1.974901369E+01 -2.908140657E-03
5.812335590E-07 -6.879430830E-11 3.460708440E-15 0.000000000E+00
1.901352924E+05 -1.018699054E+02 1000.000  6000.000
 
